1 0.49375 0.4640625 0.115625 0.19609375
1 0.59375 0.77109375 0.12109375 0.1921875
1 0.884375 0.76640625 0.1125 0.1734375
1 0.65625 0.35 0.1453125 0.18984375
1 0.4625 0.5921875 0.07578125 0.09765625
1 0.52109375 0.71328125 0.06953125 0.14296875
1 0.52890625 0.596875 0.10703125 0.1125
1 0.6203125 0.5859375 0.13203125 0.15546875
1 0.5125 0.9265625 0.053125 0.11015625
1 0.63828125 0.94453125 0.1375 0.10625
1 0.79453125 0.89453125 0.146875 0.1875
1 0.8984375 0.91328125 0.0921875 0.0921875
1 0.821875 0.4234375 0.12734375 0.19765625
1 0.75390625 0.6265625 0.14921875 0.31875
1 0.57421875 0.38046875 0.10078125 0.22421875
1 0.66875 0.57265625 0.13203125 0.27578125
1 0.74140625 0.3640625 0.1015625 0.165625