1 0.36875 0.5546875 0.2984375 0.4203125
1 0.50078125 0.284375 0.246875 0.39296875
1 0.19140625 0.7921875 0.290625 0.40234375
1 0.28515625 0.17421875 0.29609375 0.32890625
1 0.81328125 0.80234375 0.35703125 0.3734375
1 0.80703125 0.09765625 0.19140625 0.16875
1 0.08359375 0.1453125 0.15859375 0.246875
1 0.096875 0.38359375 0.19375 0.2890625
1 0.47421875 0.8625 0.27109375 0.24453125
1 0.69296875 0.5265625 0.33359375 0.4
1 0.93515625 0.5609375 0.11953125 0.42890625
1 0.86796875 0.2640625 0.25546875 0.5
1 0.71953125 0.2640625 0.165625 0.3