1 0.88671875 0.36015625 0.15390625 0.28828125
1 0.73125 0.203125 0.1671875 0.34296875
1 0.871875 0.0984375 0.17734375 0.19453125
1 0.11953125 0.15703125 0.1671875 0.2859375
1 0.5546875 0.78828125 0.1375 0.30859375
1 0.696875 0.696875 0.19296875 0.34296875
1 0.81328125 0.74609375 0.19140625 0.38828125
1 0.49375 0.1828125 0.17734375 0.27421875
1 0.58984375 0.12734375 0.1375 0.25390625
1 0.559375 0.44453125 0.196875 0.33984375
1 0.08359375 0.596875 0.14296875 0.5515625
1 0.3015625 0.5171875 0.4296875 0.87734375